00010100
00020200
00030300
00040400
00050500
00060600
00070700
00080800
00090900
00101000
00111100
00121200
00131300
00141400
00151500
00161600
00171700
00181800
00191900
00202000
00212100
00222200
00232300
00242400
00252500
00262600
00272700
00282800
00292900
00303000
00313100
00323200
00333300
00343400
00353500
00363600
00373700
00383800
00393900
00404000
00414100
00424200
00434300
00444400
00454500
00464600
00474700
00484800
00494900
00505000
00515100
00525200
00535300
00545400
00555500
00565600
00575700
00585800
00595900
00606000
00616100
00626200
00636300
00646400
00656500
00666600
00676700
00686800
00696900
00707000
00717100
00727200
00737300
00747400
00757500
00767600
00777700
00787800
00797900
00808000
00818100
00828200
00838300
00848400
00858500
00868600
00878700
00888800
00898900
00909000
00919100
00929200
00939300
00949400
00959500
00969600
00979700
00989800
00999900
01000001
01010101
01020201
01030301
01040401
01050501
01060601
01070701
01080801
01090901
01101001
01111101
01121201
01131301
01141401
01151501
01161601
01171701
01181801
01191901
01202001
01212101
01222201
01232301
01242401
01252501
01262601
01272701
01282801
01292901
01303001
01313101
01323201
01333301
01343401
01353501
01363601
01373701
01383801
01393901
01404001
01414101
01424201
01434301
01444401
01454501
01464601
01474701
01484801
01494901
01505001
01515101
01525201
01535301
01545401
01555501
01565601
01575701
01585801
01595901
01606001
01616101
01626201
01636301
01646401
01656501
01666601
01676701
01686801
01696901
01707001
01717101
01727201
01737301
01747401
01757501
01767601
01777701
01787801
01797901
01808001
01818101
01828201
01838301
01848401
01858501
01868601
01878701
01888801
01898901
01909001
01919101
01929201
01939301
01949401
01959501
01969601
01979701
01989801
01999901
02000002
02010102
02020202
02030302
02040402
02050502
02060602
02070702
02080802
02090902
02101002
02111102
02121202
02131302
02141402
02151502
02161602
02171702
02181802
02191902
02202002
02212102
02222202
02232302
02242402
02252502
02262602
02272702
02282802
02292902
02303002
02313102
02323202
02333302
02343402
02353502
02363602
02373702
02383802
02393902
02404002
02414102
02424202
02434302
02444402
02454502
02464602
02474702
02484802
02494902
02505002
02515102
02525202
02535302
02545402
02555502
02565602
02575702
02585802
02595902
02606002
02616102
02626202
02636302
02646402
02656502
02666602
02676702
02686802
02696902
02707002
02717102
02727202
02737302
02747402
02757502
02767602
02777702
02787802
02797902
02808002
02818102
02828202
02838302
02848402
02858502
02868602
02878702
02888802
02898902
02909002
02919102
02929202
02939302
02949402
02959502
02969602
02979702
02989802
02999902
03000003
03010103
03020203
03030303
03040403
03050503
03060603
03070703
03080803
03090903
03101003
03111103
03121203
03131303
03141403
03151503
03161603
03171703
03181803
03191903
03202003
03212103
03222203
03232303
03242403
03252503
03262603
03272703
03282803
03292903
03303003
03313103
03323203
03333303
03343403
03353503
03363603
03373703
03383803
03393903
03404003
03414103
03424203
03434303
03444403
03454503
03464603
03474703
03484803
03494903
03505003
03515103
03525203
03535303
03545403
03555503
03565603
03575703
03585803
03595903
03606003
03616103
03626203
03636303
03646403
03656503
03666603
03676703
03686803
03696903
03707003
03717103
03727203
03737303
03747403
03757503
03767603
03777703
03787803
03797903
03808003
03818103
03828203
03838303
03848403
03858503
03868603
03878703
03888803
03898903
03909003
03919103
03929203
03939303
03949403
03959503
03969603
03979703
03989803
03999903
04000004
04010104
04020204
04030304
04040404
04050504
04060604
04070704
04080804
04090904
04101004
04111104
04121204
04131304
04141404
04151504
04161604
04171704
04181804
04191904
04202004
04212104
04222204
04232304
04242404
04252504
04262604
04272704
04282804
04292904
04303004
04313104
04323204
04333304
04343404
04353504
04363604
04373704
04383804
04393904
04404004
04414104
04424204
04434304
04444404
04454504
04464604
04474704
04484804
04494904
04505004
04515104
04525204
04535304
04545404
04555504
04565604
04575704
04585804
04595904
04606004
04616104
04626204
04636304
04646404
04656504
04666604
04676704
04686804
04696904
04707004
04717104
04727204
04737304
04747404
04757504
04767604
04777704
04787804
04797904
04808004
04818104
04828204
04838304
04848404
04858504
04868604
04878704
04888804
04898904
04909004
04919104
04929204
04939304
04949404
04959504
04969604
04979704
04989804
04999904
05000005
05010105
05020205
05030305
05040405
05050505
05060605
05070705
05080805
05090905
05101005
05111105
05121205
05131305
05141405
05151505
05161605
05171705
05181805
05191905
05202005
05212105
05222205
05232305
05242405
05252505
05262605
05272705
05282805
05292905
05303005
05313105
05323205
05333305
05343405
05353505
05363605
05373705
05383805
05393905
05404005
05414105
05424205
05434305
05444405
05454505
05464605
05474705
05484805
05494905
05505005
05515105
05525205
05535305
05545405
05555505
05565605
05575705
05585805
05595905
05606005
05616105
05626205
05636305
05646405
05656505
05666605
05676705
05686805
05696905
05707005
05717105
05727205
05737305
05747405
05757505
05767605
05777705
05787805
05797905
05808005
05818105
05828205
05838305
05848405
05858505
05868605
05878705
05888805
05898905
05909005
05919105
05929205
05939305
05949405
05959505
05969605
05979705
05989805
05999905
06000006
06010106
06020206
06030306
06040406
06050506
06060606
06070706
06080806
06090906
06101006
06111106
06121206
06131306
06141406
06151506
06161606
06171706
06181806
06191906
06202006
06212106
06222206
06232306
06242406
06252506
06262606
06272706
06282806
06292906
06303006
06313106
06323206
06333306
06343406
06353506
06363606
06373706
06383806
06393906
06404006
06414106
06424206
06434306
06444406
06454506
06464606
06474706
06484806
06494906
06505006
06515106
06525206
06535306
06545406
06555506
06565606
06575706
06585806
06595906
06606006
06616106
06626206
06636306
06646406
06656506
06666606
06676706
06686806
06696906
06707006
06717106
06727206
06737306
06747406
06757506
06767606
06777706
06787806
06797906
06808006
06818106
06828206
06838306
06848406
06858506
06868606
06878706
06888806
06898906
06909006
06919106
06929206
06939306
06949406
06959506
06969606
06979706
06989806
06999906
07000007
07010107
07020207
07030307
07040407
07050507
07060607
07070707
07080807
07090907
07101007
07111107
07121207
07131307
07141407
07151507
07161607
07171707
07181807
07191907
07202007
07212107
07222207
07232307
07242407
07252507
07262607
07272707
07282807
07292907
07303007
07313107
07323207
07333307
07343407
07353507
07363607
07373707
07383807
07393907
07404007
07414107
07424207
07434307
07444407
07454507
07464607
07474707
07484807
07494907
07505007
07515107
07525207
07535307
07545407
07555507
07565607
07575707
07585807
07595907
07606007
07616107
07626207
07636307
07646407
07656507
07666607
07676707
07686807
07696907
07707007
07717107
07727207
07737307
07747407
07757507
07767607
07777707
07787807
07797907
07808007
07818107
07828207
07838307
07848407
07858507
07868607
07878707
07888807
07898907
07909007
07919107
07929207
07939307
07949407
07959507
07969607
07979707
07989807
07999907
08000008
08010108
08020208
08030308
08040408
08050508
08060608
08070708
08080808
08090908
08101008
08111108
08121208
08131308
08141408
08151508
08161608
08171708
08181808
08191908
08202008
08212108
08222208
08232308
08242408
08252508
08262608
08272708
08282808
08292908
08303008
08313108
08323208
08333308
08343408
08353508
08363608
08373708
08383808
08393908
08404008
08414108
08424208
08434308
08444408
08454508
08464608
08474708
08484808
08494908
08505008
08515108
08525208
08535308
08545408
08555508
08565608
08575708
08585808
08595908
08606008
08616108
08626208
08636308
08646408
08656508
08666608
08676708
08686808
08696908
08707008
08717108
08727208
08737308
08747408
08757508
08767608
08777708
08787808
08797908
08808008
08818108
08828208
08838308
08848408
08858508
08868608
08878708
08888808
08898908
08909008
08919108
08929208
08939308
08949408
08959508
08969608
08979708
08989808
08999908
09000009
09010109
09020209
09030309
09040409
09050509
09060609
09070709
09080809
09090909
09101009
09111109
09121209
09131309
09141409
09151509
09161609
09171709
09181809
09191909
09202009
09212109
09222209
09232309
09242409
09252509
09262609
09272709
09282809
09292909
09303009
09313109
09323209
09333309
09343409
09353509
09363609
09373709
09383809
09393909
09404009
09414109
09424209
09434309
09444409
09454509
09464609
09474709
09484809
09494909
09505009
09515109
09525209
09535309
09545409
09555509
09565609
09575709
09585809
09595909
09606009
09616109
09626209
09636309
09646409
09656509
09666609
09676709
09686809
09696909
09707009
09717109
09727209
09737309
09747409
09757509
09767609
09777709
09787809
09797909
09808009
09818109
09828209
09838309
09848409
09858509
09868609
09878709
09888809
09898909
09909009
09919109
09929209
09939309
09949409
09959509
09969609
09979709
09989809
09999909
10000010
10010110
10020210
10030310
10040410
10050510
10060610
10070710
10080810
10090910
10101010
10111110
10121210
10131310
10141410
10151510
10161610
10171710
10181810
10191910
10202010
10212110
10222210
10232310
10242410
10252510
10262610
10272710
10282810
10292910
10303010
10313110
10323210
10333310
10343410
10353510
10363610
10373710
10383810
10393910
10404010
10414110
10424210
10434310
10444410
10454510
10464610
10474710
10484810
10494910
10505010
10515110
10525210
10535310
10545410
10555510
10565610
10575710
10585810
10595910
10606010
10616110
10626210
10636310
10646410
10656510
10666610
10676710
10686810
10696910
10707010
10717110
10727210
10737310
10747410
10757510
10767610
10777710
10787810
10797910
10808010
10818110
10828210
10838310
10848410
10858510
10868610
10878710
10888810
10898910
10909010
10919110
10929210
10939310
10949410
10959510
10969610
10979710
10989810
10999910
11000011
11010111
11020211
11030311
11040411
11050511
11060611
11070711
11080811
11090911
11101011
11111111
11121211
11131311
11141411
11151511
11161611
11171711
11181811
11191911
11202011
11212111
11222211
11232311
11242411
11252511
11262611
11272711
11282811
11292911
11303011
11313111
11323211
11333311
11343411
11353511
11363611
11373711
11383811
11393911
11404011
11414111
11424211
11434311
11444411
11454511
11464611
11474711
11484811
11494911
11505011
11515111
11525211
11535311
11545411
11555511
11565611
11575711
11585811
11595911
11606011
11616111
11626211
11636311
11646411
11656511
11666611
11676711
11686811
11696911
11707011
11717111
11727211
11737311
11747411
11757511
11767611
11777711
11787811
11797911
11808011
11818111
11828211
11838311
11848411
11858511
11868611
11878711
11888811
11898911
11909011
11919111
11929211
11939311
11949411
11959511
11969611
11979711
11989811
11999911
12000012
12010112
12020212
12030312
12040412
12050512
12060612
12070712
12080812
12090912
12101012
12111112
12121212
12131312
12141412
12151512
12161612
12171712
12181812
12191912
12202012
12212112
12222212
12232312
12242412
12252512
12262612
12272712
12282812
12292912
12303012
12313112
12323212
12333312
12343412
12353512
12363612
12373712
12383812
12393912
12404012
12414112
12424212
12434312
12444412
12454512
12464612
12474712
12484812
12494912
12505012
12515112
12525212
12535312
12545412
12555512
12565612
12575712
12585812
12595912
12606012
12616112
12626212
12636312
12646412
12656512
12666612
12676712
12686812
12696912
12707012
12717112
12727212
12737312
12747412
12757512
12767612
12777712
12787812
12797912
12808012
12818112
12828212
12838312
12848412
12858512
12868612
12878712
12888812
12898912
12909012
12919112
12929212
12939312
12949412
12959512
12969612
12979712
12989812
12999912
13000013
13010113
13020213
13030313
13040413
13050513
13060613
13070713
13080813
13090913
13101013
13111113
13121213
13131313
13141413
13151513
13161613
13171713
13181813
13191913
13202013
13212113
13222213
13232313
13242413
13252513
13262613
13272713
13282813
13292913
13303013
13313113
13323213
13333313
13343413
13353513
13363613
13373713
13383813
13393913
13404013
13414113
13424213
13434313
13444413
13454513
13464613
13474713
13484813
13494913
13505013
13515113
13525213
13535313
13545413
13555513
13565613
13575713
13585813
13595913
13606013
13616113
13626213
13636313
13646413
13656513
13666613
13676713
13686813
13696913
13707013
13717113
13727213
13737313
13747413
13757513
13767613
13777713
13787813
13797913
13808013
13818113
13828213
13838313
13848413
13858513
13868613
13878713
13888813
13898913
13909013
13919113
13929213
13939313
13949413
13959513
13969613
13979713
13989813
13999913
14000014
14010114
14020214
14030314
14040414
14050514
14060614
14070714
14080814
14090914
14101014
14111114
14121214
14131314
14141414
14151514
14161614
14171714
14181814
14191914
14202014
14212114
14222214
14232314
14242414
14252514
14262614
14272714
14282814
14292914
14303014
14313114
14323214
14333314
14343414
14353514
14363614
14373714
14383814
14393914
14404014
14414114
14424214
14434314
14444414
14454514
14464614
14474714
14484814
14494914
14505014
14515114
14525214
14535314
14545414
14555514
14565614
14575714
14585814
14595914
14606014
14616114
14626214
14636314
14646414
14656514
14666614
14676714
14686814
14696914
14707014
14717114
14727214
14737314
14747414
14757514
14767614
14777714
14787814
14797914
14808014
14818114
14828214
14838314
14848414
14858514
14868614
14878714
14888814
14898914
14909014
14919114
14929214
14939314
14949414
14959514
14969614
14979714
14989814
14999914
15000015
15010115
15020215
15030315
15040415
15050515
15060615
15070715
15080815
15090915
15101015
15111115
15121215
15131315
15141415
15151515
15161615
15171715
15181815
15191915
15202015
15212115
15222215
15232315
15242415
15252515
15262615
15272715
15282815
15292915
15303015
15313115
15323215
15333315
15343415
15353515
15363615
15373715
15383815
15393915
15404015
15414115
15424215
15434315
15444415
15454515
15464615
15474715
15484815
15494915
15505015
15515115
15525215
15535315
15545415
15555515
15565615
15575715
15585815
15595915
15606015
15616115
15626215
15636315
15646415
15656515
15666615
15676715
15686815
15696915
15707015
15717115
15727215
15737315
15747415
15757515
15767615
15777715
15787815
15797915
15808015
15818115
15828215
15838315
15848415
15858515
15868615
15878715
15888815
15898915
15909015
15919115
15929215
15939315
15949415
15959515
15969615
15979715
15989815
15999915
16000016
16010116
16020216
16030316
16040416
16050516
16060616
16070716
16080816
16090916
16101016
16111116
16121216
16131316
16141416
16151516
16161616
16171716
16181816
16191916
16202016
16212116
16222216
16232316
16242416
16252516
16262616
16272716
16282816
16292916
16303016
16313116
16323216
16333316
16343416
16353516
16363616
16373716
16383816
16393916
16404016
16414116
16424216
16434316
16444416
16454516
16464616
16474716
16484816
16494916
16505016
16515116
16525216
16535316
16545416
16555516
16565616
16575716
16585816
16595916
16606016
16616116
16626216
16636316
16646416
16656516
16666616
16676716
16686816
16696916
16707016
16717116
16727216
16737316
16747416
16757516
16767616
16777716
16787816
16797916
16808016
16818116
16828216
16838316
16848416
16858516
16868616
16878716
16888816
16898916
16909016
16919116
16929216
16939316
16949416
16959516
16969616
16979716
16989816
16999916
17000017
17010117
17020217
17030317
17040417
17050517
17060617
17070717
17080817
17090917
17101017
17111117
17121217
17131317
17141417
17151517
17161617
17171717
17181817
17191917
17202017
17212117
17222217
17232317
17242417
17252517
17262617
17272717
17282817
17292917
17303017
17313117
17323217
17333317
17343417
17353517
17363617
17373717
17383817
17393917
17404017
17414117
17424217
17434317
17444417
17454517
17464617
17474717
17484817
17494917
17505017
17515117
17525217
17535317
17545417
17555517
17565617
17575717
17585817
17595917
17606017
17616117
17626217
17636317
17646417
17656517
17666617
17676717
17686817
17696917
17707017
17717117
17727217
17737317
17747417
17757517
17767617
17777717
17787817
17797917
17808017
17818117
17828217
17838317
17848417
17858517
17868617
17878717
17888817
17898917
17909017
17919117
17929217
17939317
17949417
17959517
17969617
17979717
17989817
17999917
18000018
18010118
18020218
18030318
18040418
18050518
18060618
18070718
18080818
18090918
18101018
18111118
18121218
18131318
18141418
18151518
18161618
18171718
18181818
18191918
18202018
18212118
18222218
18232318
18242418
18252518
18262618
18272718
18282818
18292918
18303018
18313118
18323218
18333318
18343418
18353518
18363618
18373718
18383818
18393918
18404018
18414118
18424218
18434318
18444418
18454518
18464618
18474718
18484818
18494918
18505018
18515118
18525218
18535318
18545418
18555518
18565618
18575718
18585818
18595918
18606018
18616118
18626218
18636318
18646418
18656518
18666618
18676718
18686818
18696918
18707018
18717118
18727218
18737318
18747418
18757518
18767618
18777718
18787818
18797918
18808018
18818118
18828218
18838318
18848418
18858518
18868618
18878718
18888818
18898918
18909018
18919118
18929218
18939318
18949418
18959518
18969618
18979718
18989818
18999918
19000019
19010119
19020219
19030319
19040419
19050519
19060619
19070719
19080819
19090919
19101019
19111119
19121219
19131319
19141419
19151519
19161619
19171719
19181819
19191919
19202019
19212119
19222219
19232319
19242419
19252519
19262619
19272719
19282819
19292919
19303019
19313119
19323219
19333319
19343419
19353519
19363619
19373719
19383819
19393919
19404019
19414119
19424219
19434319
19444419
19454519
19464619
19474719
19484819
19494919
19505019
19515119
19525219
19535319
19545419
19555519
19565619
19575719
19585819
19595919
19606019
19616119
19626219
19636319
19646419
19656519
19666619
19676719
19686819
19696919
19707019
19717119
19727219
19737319
19747419
19757519
19767619
19777719
19787819
19797919
19808019
19818119
19828219
19838319
19848419
19858519
19868619
19878719
19888819
19898919
19909019
19919119
19929219
19939319
19949419
19959519
19969619
19979719
19989819
19999919
20000020
20010120
20020220
20030320
20040420
20050520
20060620
20070720
20080820
20090920
20101020
20111120
20121220
20131320
20141420
20151520
20161620
20171720
20181820
20191920
20202020
20212120
20222220
20232320
20242420
20252520
20262620
20272720
20282820
20292920
20303020
20313120
20323220
20333320
20343420
20353520
20363620
20373720
20383820
20393920
20404020
20414120
20424220
20434320
20444420
20454520
20464620
20474720
20484820
20494920
20505020
20515120
20525220
20535320
20545420
20555520
20565620
20575720
20585820
20595920
20606020
20616120
20626220
20636320
20646420
20656520
20666620
20676720
20686820
20696920
20707020
20717120
20727220
20737320
20747420
20757520
20767620
20777720
20787820
20797920
20808020
20818120
20828220
20838320
20848420
20858520
20868620
20878720
20888820
20898920
20909020
20919120
20929220
20939320
20949420
20959520
20969620
20979720
20989820
20999920
21000021
21010121
21020221
21030321
21040421
21050521
21060621
21070721
21080821
21090921
21101021
21111121
21121221
21131321
21141421
21151521
21161621
21171721
21181821
21191921
21202021
21212121
21222221
21232321
21242421
21252521
21262621
21272721
21282821
21292921
21303021
21313121
21323221
21333321
21343421
21353521
21363621
21373721
21383821
21393921
21404021
21414121
21424221
21434321
21444421
21454521
21464621
21474721
21484821
21494921
21505021
21515121
21525221
21535321
21545421
21555521
21565621
21575721
21585821
21595921
21606021
21616121
21626221
21636321
21646421
21656521
21666621
21676721
21686821
21696921
21707021
21717121
21727221
21737321
21747421
21757521
21767621
21777721
21787821
21797921
21808021
21818121
21828221
21838321
21848421
21858521
21868621
21878721
21888821
21898921
21909021
21919121
21929221
21939321
21949421
21959521
21969621
21979721
21989821
21999921
22000022
22010122
22020222
22030322
22040422
22050522
22060622
22070722
22080822
22090922
22101022
22111122
22121222
22131322
22141422
22151522
22161622
22171722
22181822
22191922
22202022
22212122
22222222
22232322
22242422
22252522
22262622
22272722
22282822
22292922
22303022
22313122
22323222
22333322
22343422
22353522
22363622
22373722
22383822
22393922
22404022
22414122
22424222
22434322
22444422
22454522
22464622
22474722
22484822
22494922
22505022
22515122
22525222
22535322
22545422
22555522
22565622
22575722
22585822
22595922
22606022
22616122
22626222
22636322
22646422
22656522
22666622
22676722
22686822
22696922
22707022
22717122
22727222
22737322
22747422
22757522
22767622
22777722
22787822
22797922
22808022
22818122
22828222
22838322
22848422
22858522
22868622
22878722
22888822
22898922
22909022
22919122
22929222
22939322
22949422
22959522
22969622
22979722
22989822
22999922
23000023
23010123
23020223
23030323
23040423
23050523
23060623
23070723
23080823
23090923
23101023
23111123
23121223
23131323
23141423
23151523
23161623
23171723
23181823
23191923
23202023
23212123
23222223
23232323
23242423
23252523
23262623
23272723
23282823
23292923
23303023
23313123
23323223
23333323
23343423
23353523
23363623
23373723
23383823
23393923
23404023
23414123
23424223
23434323
23444423
23454523
23464623
23474723
23484823
23494923
23505023
23515123
23525223
23535323
23545423
23555523
23565623
23575723
23585823
23595923
23606023
23616123
23626223
23636323
23646423
23656523
23666623
23676723
23686823
23696923
23707023
23717123
23727223
23737323
23747423
23757523
23767623
23777723
23787823
23797923
23808023
23818123
23828223
23838323
23848423
23858523
23868623
23878723
23888823
23898923
23909023
23919123
23929223
23939323
23949423
23959523
23969623
23979723
23989823
23999923
24000024
24010124
24020224
24030324
24040424
24050524
24060624
24070724
24080824
24090924
24101024
24111124
24121224
24131324
24141424
24151524
24161624
24171724
24181824
24191924
24202024
24212124
24222224
24232324
24242424
24252524
24262624
24272724
24282824
24292924
24303024
24313124
24323224
24333324
24343424
24353524
24363624
24373724
24383824
24393924
24404024
24414124
24424224
24434324
24444424
24454524
24464624
24474724
24484824
24494924
24505024
24515124
24525224
24535324
24545424
24555524
24565624
24575724
24585824
24595924
24606024
24616124
24626224
24636324
24646424
24656524
24666624
24676724
24686824
24696924
24707024
24717124
24727224
24737324
24747424
24757524
24767624
24777724
24787824
24797924
24808024
24818124
24828224
24838324
24848424
24858524
24868624
24878724
24888824
24898924
24909024
24919124
24929224
24939324
24949424
24959524
24969624
24979724
24989824
24999924
25000025
25010125
25020225
25030325
25040425
25050525
25060625
25070725
25080825
25090925
25101025
25111125
25121225
25131325
25141425
25151525
25161625
25171725
25181825
25191925
25202025
25212125
25222225
25232325
25242425
25252525
25262625
25272725
25282825
25292925
25303025
25313125
25323225
25333325
25343425
25353525
25363625
25373725
25383825
25393925
25404025
25414125
25424225
25434325
25444425
25454525
25464625
25474725
25484825
25494925
25505025
25515125
25525225
25535325
25545425
25555525
25565625
25575725
25585825
25595925
25606025
25616125
25626225
25636325
25646425
25656525
25666625
25676725
25686825
25696925
25707025
25717125
25727225
25737325
25747425
25757525
25767625
25777725
25787825
25797925
25808025
25818125
25828225
25838325
25848425
25858525
25868625
25878725
25888825
25898925
25909025
25919125
25929225
25939325
25949425
25959525
25969625
25979725
25989825
25999925
26000026
26010126
26020226
26030326
26040426
26050526
26060626
26070726
26080826
26090926
26101026
26111126
26121226
26131326
26141426
26151526
26161626
26171726
26181826
26191926
26202026
26212126
26222226
26232326
26242426
26252526
26262626
26272726
26282826
26292926
26303026
26313126
26323226
26333326
26343426
26353526
26363626
26373726
26383826
26393926
26404026
26414126
26424226
26434326
26444426
26454526
26464626
26474726
26484826
26494926
26505026
26515126
26525226
26535326
26545426
26555526
26565626
26575726
26585826
26595926
26606026
26616126
26626226
26636326
26646426
26656526
26666626
26676726
26686826
26696926
26707026
26717126
26727226
26737326
26747426
26757526
26767626
26777726
26787826
26797926
26808026
26818126
26828226
26838326
26848426
26858526
26868626
26878726
26888826
26898926
26909026
26919126
26929226
26939326
26949426
26959526
26969626
26979726
26989826
26999926
27000027
27010127
27020227
27030327
27040427
27050527
27060627
27070727
27080827
27090927
27101027
27111127
27121227
27131327
27141427
27151527
27161627
27171727
27181827
27191927
27202027
27212127
27222227
27232327
27242427
27252527
27262627
27272727
27282827
27292927
27303027
27313127
27323227
27333327
27343427
27353527
27363627
27373727
27383827
27393927
27404027
27414127
27424227
27434327
27444427
27454527
27464627
27474727
27484827
27494927
27505027
27515127
27525227
27535327
27545427
27555527
27565627
27575727
27585827
27595927
27606027
27616127
27626227
27636327
27646427
27656527
27666627
27676727
27686827
27696927
27707027
27717127
27727227
27737327
27747427
27757527
27767627
27777727
27787827
27797927
27808027
27818127
27828227
27838327
27848427
27858527
27868627
27878727
27888827
27898927
27909027
27919127
27929227
27939327
27949427
27959527
27969627
27979727
27989827
27999927
28000028
28010128
28020228
28030328
28040428
28050528
28060628
28070728
28080828
28090928
28101028
28111128
28121228
28131328
28141428
28151528
28161628
28171728
28181828
28191928
28202028
28212128
28222228
28232328
28242428
28252528
28262628
28272728
28282828
28292928
28303028
28313128
28323228
28333328
28343428
28353528
28363628
28373728
28383828
28393928
28404028
28414128
28424228
28434328
28444428
28454528
28464628
28474728
28484828
28494928
28505028
28515128
28525228
28535328
28545428
28555528
28565628
28575728
28585828
28595928
28606028
28616128
28626228
28636328
28646428
28656528
28666628
28676728
28686828
28696928
28707028
28717128
28727228
28737328
28747428
28757528
28767628
28777728
28787828
28797928
28808028
28818128
28828228
28838328
28848428
28858528
28868628
28878728
28888828
28898928
28909028
28919128
28929228
28939328
28949428
28959528
28969628
28979728
28989828
28999928
29000029
29010129
29020229
29030329
29040429
29050529
29060629
29070729
29080829
29090929
29101029
29111129
29121229
29131329
29141429
29151529
29161629
29171729
29181829
29191929
29202029
29212129
29222229
29232329
29242429
29252529
29262629
29272729
29282829
29292929
29303029
29313129
29323229
29333329
29343429
29353529
29363629
29373729
29383829
29393929
29404029
29414129
29424229
29434329
29444429
29454529
29464629
29474729
29484829
29494929
29505029
29515129
29525229
29535329
29545429
29555529
29565629
29575729
29585829
29595929
29606029
29616129
29626229
29636329
29646429
29656529
29666629
29676729
29686829
29696929
29707029
29717129
29727229
29737329
29747429
29757529
29767629
29777729
29787829
29797929
29808029
29818129
29828229
29838329
29848429
29858529
29868629
29878729
29888829
29898929
29909029
29919129
29929229
29939329
29949429
29959529
29969629
29979729
29989829
29999929
30000030
30010130
30020230
30030330
30040430
30050530
30060630
30070730
30080830
30090930
30101030
30111130
30121230
30131330
30141430
30151530
30161630
30171730
30181830
30191930
30202030
30212130
30222230
30232330
30242430
30252530
30262630
30272730
30282830
30292930
30303030
30313130
30323230
30333330
30343430
30353530
30363630
30373730
30383830
30393930
30404030
30414130
30424230
30434330
30444430
30454530
30464630
30474730
30484830
30494930
30505030
30515130
30525230
30535330
30545430
30555530
30565630
30575730
30585830
30595930
30606030
30616130
30626230
30636330
30646430
30656530
30666630
30676730
30686830
30696930
30707030
30717130
30727230
30737330
30747430
30757530
30767630
30777730
30787830
30797930
30808030
30818130
30828230
30838330
30848430
30858530
30868630
30878730
30888830
30898930
30909030
30919130
30929230
30939330
30949430
30959530
30969630
30979730
30989830
30999930
31000031
31010131
31020231
31030331
31040431
31050531
31060631
31070731
31080831
31090931
31101031
31111131
31121231
31131331
31141431
31151531
31161631
31171731
31181831
31191931
31202031
31212131
31222231
31232331
31242431
31252531
31262631
31272731
31282831
31292931
31303031
31313131
31323231
31333331
31343431
31353531
31363631
31373731
31383831
31393931
31404031
31414131
31424231
31434331
31444431
31454531
31464631
31474731
31484831
31494931
31505031
31515131
31525231
31535331
31545431
31555531
31565631
31575731
31585831
31595931
31606031
31616131
31626231
31636331
31646431
31656531
31666631
31676731
31686831
31696931
31707031
31717131
31727231
31737331
31747431
31757531
31767631
31777731
31787831
31797931
31808031
31818131
31828231
31838331
31848431
31858531
31868631
31878731
31888831
31898931
31909031
31919131
31929231
31939331
31949431
31959531
31969631
31979731
31989831
31999931
32000032
32010132
32020232
32030332
32040432
32050532
32060632
32070732
32080832
32090932
32101032
32111132
32121232
32131332
32141432
32151532
32161632
32171732
32181832
32191932
32202032
32212132
32222232
32232332
32242432
32252532
32262632
32272732
32282832
32292932
32303032
32313132
32323232
32333332
32343432
32353532
32363632
32373732
32383832
32393932
32404032
32414132
32424232
32434332
32444432
32454532
32464632
32474732
32484832
32494932
32505032
32515132
32525232
32535332
32545432
32555532
32565632
32575732
32585832
32595932
32606032
32616132
32626232
32636332
32646432
32656532
32666632
32676732
32686832
32696932
32707032
32717132
32727232
32737332
32747432
32757532
32767632
32777732
32787832
32797932
32808032
32818132
32828232
32838332
32848432
32858532
32868632
32878732
32888832
32898932
32909032
32919132
32929232
32939332
32949432
32959532
32969632
32979732
32989832
32999932
33000033
33010133
33020233
33030333
33040433
33050533
33060633
33070733
33080833
33090933
33101033
33111133
33121233
33131333
33141433
33151533
33161633
33171733
33181833
33191933
33202033
33212133
33222233
33232333
33242433
33252533
33262633
33272733
33282833
33292933
33303033
33313133
33323233
33333333
33343433
33353533
33363633
33373733
33383833
33393933
33404033
33414133
33424233
33434333
33444433
33454533
33464633
33474733
33484833
33494933
33505033
33515133
33525233
33535333
33545433
33555533
33565633
33575733
33585833
33595933
33606033
33616133
33626233
33636333
33646433
33656533
33666633
33676733
33686833
33696933
33707033
33717133
33727233
33737333
33747433
33757533
33767633
33777733
33787833
33797933
33808033
33818133
33828233
33838333
33848433
33858533
33868633
33878733
33888833
33898933
33909033
33919133
33929233
33939333
33949433
33959533
33969633
33979733
33989833
33999933
34000034
34010134
34020234
34030334
34040434
34050534
34060634
34070734
34080834
34090934
34101034
34111134
34121234
34131334
34141434
34151534
34161634
34171734
34181834
34191934
34202034
34212134
34222234
34232334
34242434
34252534
34262634
34272734
34282834
34292934
34303034
34313134
34323234
34333334
34343434
34353534
34363634
34373734
34383834
34393934
34404034
34414134
34424234
34434334
34444434
34454534
34464634
34474734
34484834
34494934
34505034
34515134
34525234
34535334
34545434
34555534
34565634
34575734
34585834
34595934
34606034
34616134
34626234
34636334
34646434
34656534
34666634
34676734
34686834
34696934
34707034
34717134
34727234
34737334
34747434
34757534
34767634
34777734
34787834
34797934
34808034
34818134
34828234
34838334
34848434
34858534
34868634
34878734
34888834
34898934
34909034
34919134
34929234
34939334
34949434
34959534
34969634
34979734
34989834
34999934
35000035
35010135
35020235
35030335
35040435
35050535
35060635
35070735
35080835
35090935
35101035
35111135
35121235
35131335
35141435
35151535
35161635
35171735
35181835
35191935
35202035
35212135
35222235
35232335
35242435
35252535
35262635
35272735
35282835
35292935
35303035
35313135
35323235
35333335
35343435
35353535
35363635
35373735
35383835
35393935
35404035
35414135
35424235
35434335
35444435
35454535
35464635
35474735
35484835
35494935
35505035
35515135
35525235
35535335
35545435
35555535
35565635
35575735
35585835
35595935
35606035
35616135
35626235
35636335
35646435
35656535
35666635
35676735
35686835
35696935
35707035
35717135
35727235
35737335
35747435
35757535
35767635
35777735
35787835
35797935
35808035
35818135
35828235
35838335
35848435
35858535
35868635
35878735
35888835
35898935
35909035
35919135
35929235
35939335
35949435
35959535
35969635
35979735
35989835
35999935
36000036
36010136
36020236
36030336
36040436
36050536
36060636
36070736
36080836
36090936
36101036
36111136
36121236
36131336
36141436
36151536
36161636
36171736
36181836
36191936
36202036
36212136
36222236
36232336
36242436
36252536
36262636
36272736
36282836
36292936
36303036
36313136
36323236
36333336
36343436
36353536
36363636
36373736
36383836
36393936
36404036
36414136
36424236
36434336
36444436
36454536
36464636
36474736
36484836
36494936
36505036
36515136
36525236
36535336
36545436
36555536
36565636
36575736
36585836
36595936
36606036
36616136
36626236
36636336
36646436
36656536
36666636
36676736
36686836
36696936
36707036
36717136
36727236
36737336
36747436
36757536
36767636
36777736
36787836
36797936
36808036
36818136
36828236
36838336
36848436
36858536
36868636
36878736
36888836
36898936
36909036
36919136
36929236
36939336
36949436
36959536
36969636
36979736
36989836
36999936
37000037
37010137
37020237
37030337
37040437
37050537
37060637
37070737
37080837
37090937
37101037
37111137
37121237
37131337
37141437
37151537
37161637
37171737
37181837
37191937
37202037
37212137
37222237
37232337
37242437
37252537
37262637
37272737
37282837
37292937
37303037
37313137
37323237
37333337
37343437
37353537
37363637
37373737
37383837
37393937
37404037
37414137
37424237
37434337
37444437
37454537
37464637
37474737
37484837
37494937
37505037
37515137
37525237
37535337
37545437
37555537
37565637
37575737
37585837
37595937
37606037
37616137
37626237
37636337
37646437
37656537
37666637
37676737
37686837
37696937
37707037
37717137
37727237
37737337
37747437
37757537
37767637
37777737
37787837
37797937
37808037
37818137
37828237
37838337
37848437
37858537
37868637
37878737
37888837
37898937
37909037
37919137
37929237
37939337
37949437
37959537
37969637
37979737
37989837
37999937
38000038
38010138
38020238
38030338
38040438
38050538
38060638
38070738
38080838
38090938
38101038
38111138
38121238
38131338
38141438
38151538
38161638
38171738
38181838
38191938
38202038
38212138
38222238
38232338
38242438
38252538
38262638
38272738
38282838
38292938
38303038
38313138
38323238
38333338
38343438
38353538
38363638
38373738
38383838
38393938
38404038
38414138
38424238
38434338
38444438
38454538
38464638
38474738
38484838
38494938
38505038
38515138
38525238
38535338
38545438
38555538
38565638
38575738
38585838
38595938
38606038
38616138
38626238
38636338
38646438
38656538
38666638
38676738
38686838
38696938
38707038
38717138
38727238
38737338
38747438
38757538
38767638
38777738
38787838
38797938
38808038
38818138
38828238
38838338
38848438
38858538
38868638
38878738
38888838
38898938
38909038
38919138
38929238
38939338
38949438
38959538
38969638
38979738
38989838
38999938
39000039
39010139
39020239
39030339
39040439
39050539
39060639
39070739
39080839
39090939
39101039
39111139
39121239
39131339
39141439
39151539
39161639
39171739
39181839
39191939
39202039
39212139
39222239
39232339
39242439
39252539
39262639
39272739
39282839
39292939
39303039
39313139
39323239
39333339
39343439
39353539
39363639
39373739
39383839
39393939
39404039
39414139
39424239
39434339
39444439
39454539
39464639
39474739
39484839
39494939
39505039
39515139
39525239
39535339
39545439
39555539
39565639
39575739
39585839
39595939
39606039
39616139
39626239
39636339
39646439
39656539
39666639
39676739
39686839
39696939
39707039
39717139
39727239
39737339
39747439
39757539
39767639
39777739
39787839
39797939
39808039
39818139
39828239
39838339
39848439
39858539
39868639
39878739
39888839
39898939
39909039
39919139
39929239
39939339
39949439
39959539
39969639
39979739
39989839
39999939
40000040
40010140
40020240
40030340
40040440
40050540
40060640
40070740
40080840
40090940
40101040
40111140
40121240
40131340
40141440
40151540
40161640
40171740
40181840
40191940
40202040
40212140
40222240
40232340
40242440
40252540
40262640
40272740
40282840
40292940
40303040
40313140
40323240
40333340
40343440
40353540
40363640
40373740
40383840
40393940
40404040
40414140
40424240
40434340
40444440
40454540
40464640
40474740
40484840
40494940
40505040
40515140
40525240
40535340
40545440
40555540
40565640
40575740
40585840
40595940
40606040
40616140
40626240
40636340
40646440
40656540
40666640
40676740
40686840
40696940
40707040
40717140
40727240
40737340
40747440
40757540
40767640
40777740
40787840
40797940
40808040
40818140
40828240
40838340
40848440
40858540
40868640
40878740
40888840
40898940
40909040
40919140
40929240
40939340
40949440
40959540
40969640
40979740
40989840
40999940
41000041
41010141
41020241
41030341
41040441
41050541
41060641
41070741
41080841
41090941
41101041
41111141
41121241
41131341
41141441
41151541
41161641
41171741
41181841
41191941
41202041
41212141
41222241
41232341
41242441
41252541
41262641
41272741
41282841
41292941
41303041
41313141
41323241
41333341
41343441
41353541
41363641
41373741
41383841
41393941
41404041
41414141
41424241
41434341
41444441
41454541
41464641
41474741
41484841
41494941
41505041
41515141
41525241
41535341
41545441
41555541
41565641
41575741
41585841
41595941
41606041
41616141
41626241
41636341
41646441
41656541
41666641
41676741
41686841
41696941
41707041
41717141
41727241
41737341
41747441
41757541
41767641
41777741
41787841
41797941
41808041
41818141
41828241
41838341
41848441
41858541
41868641
41878741
41888841
41898941
41909041
41919141
41929241
41939341
41949441
41959541
41969641
41979741
41989841
41999941
42000042
42010142
42020242
42030342
42040442
42050542
42060642
42070742
42080842
42090942
42101042
42111142
42121242
42131342
42141442
42151542
42161642
42171742
42181842
42191942
42202042
42212142
42222242
42232342
42242442
42252542
42262642
42272742
42282842
42292942
42303042
42313142
42323242
42333342
42343442
42353542
42363642
42373742
42383842
42393942
42404042
42414142
42424242
42434342
42444442
42454542
42464642
42474742
42484842
42494942
42505042
42515142
42525242
42535342
42545442
42555542
42565642
42575742
42585842
42595942
42606042
42616142
42626242
42636342
42646442
42656542
42666642
42676742
42686842
42696942
42707042
42717142
42727242
42737342
42747442
42757542
42767642
42777742
42787842
42797942
42808042
42818142
42828242
42838342
42848442
42858542
42868642
42878742
42888842
42898942
42909042
42919142
42929242
42939342
42949442
42959542
42969642
42979742
42989842
42999942
43000043
43010143
43020243
43030343
43040443
43050543
43060643
43070743
43080843
43090943
43101043
43111143
43121243
43131343
43141443
43151543
43161643
43171743
43181843
43191943
43202043
43212143
43222243
43232343
43242443
43252543
43262643
43272743
43282843
43292943
43303043
43313143
43323243
43333343
43343443
43353543
43363643
43373743
43383843
43393943
43404043
43414143
43424243
43434343
43444443
43454543
43464643
43474743
43484843
43494943
43505043
43515143
43525243
43535343
43545443
43555543
43565643
43575743
43585843
43595943
43606043
43616143
43626243
43636343
43646443
43656543
43666643
43676743
43686843
43696943
43707043
43717143
43727243
43737343
43747443
43757543
43767643
43777743
43787843
43797943
43808043
43818143
43828243
43838343
43848443
43858543
43868643
43878743
43888843
43898943
43909043
43919143
43929243
43939343
43949443
43959543
43969643
43979743
43989843
43999943
44000044
44010144
44020244
44030344
44040444
44050544
44060644
44070744
44080844
44090944
44101044
44111144
44121244
44131344
44141444
44151544
44161644
44171744
44181844
44191944
44202044
44212144
44222244
44232344
44242444
44252544
44262644
44272744
44282844
44292944
44303044
44313144
44323244
44333344
44343444
44353544
44363644
44373744
44383844
44393944
44404044
44414144
44424244
44434344
44444444
44454544
44464644
44474744
44484844
44494944
44505044
44515144
44525244
44535344
44545444
44555544
44565644
44575744
44585844
44595944
44606044
44616144
44626244
44636344
44646444
44656544
44666644
44676744
44686844
44696944
44707044
44717144
44727244
44737344
44747444
44757544
44767644
44777744
44787844
44797944
44808044
44818144
44828244
44838344
44848444
44858544
44868644
44878744
44888844
44898944
44909044
44919144
44929244
44939344
44949444
44959544
44969644
44979744
44989844
44999944
45000045
45010145
45020245
45030345
45040445
45050545
45060645
45070745
45080845
45090945
45101045
45111145
45121245
45131345
45141445
45151545
45161645
45171745
45181845
45191945
45202045
45212145
45222245
45232345
45242445
45252545
45262645
45272745
45282845
45292945
45303045
45313145
45323245
45333345
45343445
45353545
45363645
45373745
45383845
45393945
45404045
45414145
45424245
45434345
45444445
45454545
45464645
45474745
45484845
45494945
45505045
45515145
45525245
45535345
45545445
45555545
45565645
45575745
45585845
45595945
45606045
45616145
45626245
45636345
45646445
45656545
45666645
45676745
45686845
45696945
45707045
45717145
45727245
45737345
45747445
45757545
45767645
45777745
45787845
45797945
45808045
45818145
45828245
45838345
45848445
45858545
45868645
45878745
45888845
45898945
45909045
45919145
45929245
45939345
45949445
45959545
45969645
45979745
45989845
45999945
46000046
46010146
46020246
46030346
46040446
46050546
46060646
46070746
46080846
46090946
46101046
46111146
46121246
46131346
46141446
46151546
46161646
46171746
46181846
46191946
46202046
46212146
46222246
46232346
46242446
46252546
46262646
46272746
46282846
46292946
46303046
46313146
46323246
46333346
46343446
46353546
46363646
46373746
46383846
46393946
46404046
46414146
46424246
46434346
46444446
46454546
46464646
46474746
46484846
46494946
46505046
46515146
46525246
46535346
46545446
46555546
46565646
46575746
46585846
46595946
46606046
46616146
46626246
46636346
46646446
46656546
46666646
46676746
46686846
46696946
46707046
46717146
46727246
46737346
46747446
46757546
46767646
46777746
46787846
46797946
46808046
46818146
46828246
46838346
46848446
46858546
46868646
46878746
46888846
46898946
46909046
46919146
46929246
46939346
46949446
46959546
46969646
46979746
46989846
46999946
47000047
47010147
47020247
47030347
47040447
47050547
47060647
47070747
47080847
47090947
47101047
47111147
47121247
47131347
47141447
47151547
47161647
47171747
47181847
47191947
47202047
47212147
47222247
47232347
47242447
47252547
47262647
47272747
47282847
47292947
47303047
47313147
47323247
47333347
47343447
47353547
47363647
47373747
47383847
47393947
47404047
47414147
47424247
47434347
47444447
47454547
47464647
47474747
47484847
47494947
47505047
47515147
47525247
47535347
47545447
47555547
47565647
47575747
47585847
47595947
47606047
47616147
47626247
47636347
47646447
47656547
47666647
47676747
47686847
47696947
47707047
47717147
47727247
47737347
47747447
47757547
47767647
47777747
47787847
47797947
47808047
47818147
47828247
47838347
47848447
47858547
47868647
47878747
47888847
47898947
47909047
47919147
47929247
47939347
47949447
47959547
47969647
47979747
47989847
47999947
48000048
48010148
48020248
48030348
48040448
48050548
48060648
48070748
48080848
48090948
48101048
48111148
48121248
48131348
48141448
48151548
48161648
48171748
48181848
48191948
48202048
48212148
48222248
48232348
48242448
48252548
48262648
48272748
48282848
48292948
48303048
48313148
48323248
48333348
48343448
48353548
48363648
48373748
48383848
48393948
48404048
48414148
48424248
48434348
48444448
48454548
48464648
48474748
48484848
48494948
48505048
48515148
48525248
48535348
48545448
48555548
48565648
48575748
48585848
48595948
48606048
48616148
48626248
48636348
48646448
48656548
48666648
48676748
48686848
48696948
48707048
48717148
48727248
48737348
48747448
48757548
48767648
48777748
48787848
48797948
48808048
48818148
48828248
48838348
48848448
48858548
48868648
48878748
48888848
48898948
48909048
48919148
48929248
48939348
48949448
48959548
48969648
48979748
48989848
48999948
49000049
49010149
49020249
49030349
49040449
49050549
49060649
49070749
49080849
49090949
49101049
49111149
49121249
49131349
49141449
49151549
49161649
49171749
49181849
49191949
49202049
49212149
49222249
49232349
49242449
49252549
49262649
49272749
49282849
49292949
49303049
49313149
49323249
49333349
49343449
49353549
49363649
49373749
49383849
49393949
49404049
49414149
49424249
49434349
49444449
49454549
49464649
49474749
49484849
49494949
49505049
49515149
49525249
49535349
49545449
49555549
49565649
49575749
49585849
49595949
49606049
49616149
49626249
49636349
49646449
49656549
49666649
49676749
49686849
49696949
49707049
49717149
49727249
49737349
49747449
49757549
49767649
49777749
49787849
49797949
49808049
49818149
49828249
49838349
49848449
49858549
49868649
49878749
49888849
49898949
49909049
49919149
49929249
49939349
49949449
49959549
49969649
49979749
49989849
49999949
50000050
50010150
50020250
50030350
50040450
50050550
50060650
50070750
50080850
50090950
50101050
50111150
50121250
50131350
50141450
50151550
50161650
50171750
50181850
50191950
50202050
50212150
50222250
50232350
50242450
50252550
50262650
50272750
50282850
50292950
50303050
50313150
50323250
50333350
50343450
50353550
50363650
50373750
50383850
50393950
50404050
50414150
50424250
50434350
50444450
50454550
50464650
50474750
50484850
50494950
50505050
50515150
50525250
50535350
50545450
50555550
50565650
50575750
50585850
50595950
50606050
50616150
50626250
50636350
50646450
50656550
50666650
50676750
50686850
50696950
50707050
50717150
50727250
50737350
50747450
50757550
50767650
50777750
50787850
50797950
50808050
50818150
50828250
50838350
50848450
50858550
50868650
50878750
50888850
50898950
50909050
50919150
50929250
50939350
50949450
50959550
50969650
50979750
50989850
50999950
51000051
51010151
51020251
51030351
51040451
51050551
51060651
51070751
51080851
51090951
51101051
51111151
51121251
51131351
51141451
51151551
51161651
51171751
51181851
51191951
51202051
51212151
51222251
51232351
51242451
51252551
51262651
51272751
51282851
51292951
51303051
51313151
51323251
51333351
51343451
51353551
51363651
51373751
51383851
51393951
51404051
51414151
51424251
51434351
51444451
51454551
51464651
51474751
51484851
51494951
51505051
51515151
51525251
51535351
51545451
51555551
51565651
51575751
51585851
51595951
51606051
51616151
51626251
51636351
51646451
51656551
51666651
51676751
51686851
51696951
51707051
51717151
51727251
51737351
51747451
51757551
51767651
51777751
51787851
51797951
51808051
51818151
51828251
51838351
51848451
51858551
51868651
51878751
51888851
51898951
51909051
51919151
51929251
51939351
51949451
51959551
51969651
51979751
51989851
51999951
52000052
52010152
52020252
52030352
52040452
52050552
52060652
52070752
52080852
52090952
52101052
52111152
52121252
52131352
52141452
52151552
52161652
52171752
52181852
52191952
52202052
52212152
52222252
52232352
52242452
52252552
52262652
52272752
52282852
52292952
52303052
52313152
52323252
52333352
52343452
52353552
52363652
52373752
52383852
52393952
52404052
52414152
52424252
52434352
52444452
52454552
52464652
52474752
52484852
52494952
52505052
52515152
52525252
52535352
52545452
52555552
52565652
52575752
52585852
52595952
52606052
52616152
52626252
52636352
52646452
52656552
52666652
52676752
52686852
52696952
52707052
52717152
52727252
52737352
52747452
52757552
52767652
52777752
52787852
52797952
52808052
52818152
52828252
52838352
52848452
52858552
52868652
52878752
52888852
52898952
52909052
52919152
52929252
52939352
52949452
52959552
52969652
52979752
52989852
52999952
53000053
53010153
53020253
53030353
53040453
53050553
53060653
53070753
53080853
53090953
53101053
53111153
53121253
53131353
53141453
53151553
53161653
53171753
53181853
53191953
53202053
53212153
53222253
53232353
53242453
53252553
53262653
53272753
53282853
53292953
53303053
53313153
53323253
53333353
53343453
53353553
53363653
53373753
53383853
53393953
53404053
53414153
53424253
53434353
53444453
53454553
53464653
53474753
53484853
53494953
53505053
53515153
53525253
53535353
53545453
53555553
53565653
53575753
53585853
53595953
53606053
53616153
53626253
53636353
53646453
53656553
53666653
53676753
53686853
53696953
53707053
53717153
53727253
53737353
53747453
53757553
53767653
53777753
53787853
53797953
53808053
53818153
53828253
53838353
53848453
53858553
53868653
53878753
53888853
53898953
53909053
53919153
53929253
53939353
53949453
53959553
53969653
53979753
53989853
53999953
54000054
54010154
54020254
54030354
54040454
54050554
54060654
54070754
54080854
54090954
54101054
54111154
54121254
54131354
54141454
54151554
54161654
54171754
54181854
54191954
54202054
54212154
54222254
54232354
54242454
54252554
54262654
54272754
54282854
54292954
54303054
54313154
54323254
54333354
54343454
54353554
54363654
54373754
54383854
54393954
54404054
54414154
54424254
54434354
54444454
54454554
54464654
54474754
54484854
54494954
54505054
54515154
54525254
54535354
54545454
54555554
54565654
54575754
54585854
54595954
54606054
54616154
54626254
54636354
54646454
54656554
54666654
54676754
54686854
54696954
54707054
54717154
54727254
54737354
54747454
54757554
54767654
54777754
54787854
54797954
54808054
54818154
54828254
54838354
54848454
54858554
54868654
54878754
54888854
54898954
54909054
54919154
54929254
54939354
54949454
54959554
54969654
54979754
54989854
54999954
55000055
55010155
55020255
55030355
55040455
55050555
55060655
55070755
55080855
55090955
55101055
55111155
55121255
55131355
55141455
55151555
55161655
55171755
55181855
55191955
55202055
55212155
55222255
55232355
55242455
55252555
55262655
55272755
55282855
55292955
55303055
55313155
55323255
55333355
55343455
55353555
55363655
55373755
55383855
55393955
55404055
55414155
55424255
55434355
55444455
55454555
55464655
55474755
55484855
55494955
55505055
55515155
55525255
55535355
55545455
55555555
55565655
55575755
55585855
55595955
55606055
55616155
55626255
55636355
55646455
55656555
55666655
55676755
55686855
55696955
55707055
55717155
55727255
55737355
55747455
55757555
55767655
55777755
55787855
55797955
55808055
55818155
55828255
55838355
55848455
55858555
55868655
55878755
55888855
55898955
55909055
55919155
55929255
55939355
55949455
55959555
55969655
55979755
55989855
55999955
56000056
56010156
56020256
56030356
56040456
56050556
56060656
56070756
56080856
56090956
56101056
56111156
56121256
56131356
56141456
56151556
56161656
56171756
56181856
56191956
56202056
56212156
56222256
56232356
56242456
56252556
56262656
56272756
56282856
56292956
56303056
56313156
56323256
56333356
56343456
56353556
56363656
56373756
56383856
56393956
56404056
56414156
56424256
56434356
56444456
56454556
56464656
56474756
56484856
56494956
56505056
56515156
56525256
56535356
56545456
56555556
56565656
56575756
56585856
56595956
56606056
56616156
56626256
56636356
56646456
56656556
56666656
56676756
56686856
56696956
56707056
56717156
56727256
56737356
56747456
56757556
56767656
56777756
56787856
56797956
56808056
56818156
56828256
56838356
56848456
56858556
56868656
56878756
56888856
56898956
56909056
56919156
56929256
56939356
56949456
56959556
56969656
56979756
56989856
56999956
57000057
57010157
57020257
57030357
57040457
57050557
57060657
57070757
57080857
57090957
57101057
57111157
57121257
57131357
57141457
57151557
57161657
57171757
57181857
57191957
57202057
57212157
57222257
57232357
57242457
57252557
57262657
57272757
57282857
57292957
57303057
57313157
57323257
57333357
57343457
57353557
57363657
57373757
57383857
57393957
57404057
57414157
57424257
57434357
57444457
57454557
57464657
57474757
57484857
57494957
57505057
57515157
57525257
57535357
57545457
57555557
57565657
57575757
57585857
57595957
57606057
57616157
57626257
57636357
57646457
57656557
57666657
57676757
57686857
57696957
57707057
57717157
57727257
57737357
57747457
57757557
57767657
57777757
57787857
57797957
57808057
57818157
57828257
57838357
57848457
57858557
57868657
57878757
57888857
57898957
57909057
57919157
57929257
57939357
57949457
57959557
57969657
57979757
57989857
57999957
58000058
58010158
58020258
58030358
58040458
58050558
58060658
58070758
58080858
58090958
58101058
58111158
58121258
58131358
58141458
58151558
58161658
58171758
58181858
58191958
58202058
58212158
58222258
58232358
58242458
58252558
58262658
58272758
58282858
58292958
58303058
58313158
58323258
58333358
58343458
58353558
58363658
58373758
58383858
58393958
58404058
58414158
58424258
58434358
58444458
58454558
58464658
58474758
58484858
58494958
58505058
58515158
58525258
58535358
58545458
58555558
58565658
58575758
58585858
58595958
58606058
58616158
58626258
58636358
58646458
58656558
58666658
58676758
58686858
58696958
58707058
58717158
58727258
58737358
58747458
58757558
58767658
58777758
58787858
58797958
58808058
58818158
58828258
58838358
58848458
58858558
58868658
58878758
58888858
58898958
58909058
58919158
58929258
58939358
58949458
58959558
58969658
58979758
58989858
58999958
59000059
59010159
59020259
59030359
59040459
59050559
59060659
59070759
59080859
59090959
59101059
59111159
59121259
59131359
59141459
59151559
59161659
59171759
59181859
59191959
59202059
59212159
59222259
59232359
59242459
59252559
59262659
59272759
59282859
59292959
59303059
59313159
59323259
59333359
59343459
59353559
59363659
59373759
59383859
59393959
59404059
59414159
59424259
59434359
59444459
59454559
59464659
59474759
59484859
59494959
59505059
59515159
59525259
59535359
59545459
59555559
59565659
59575759
59585859
59595959
59606059
59616159
59626259
59636359
59646459
59656559
59666659
59676759
59686859
59696959
59707059
59717159
59727259
59737359
59747459
59757559
59767659
59777759
59787859
59797959
59808059
59818159
59828259
59838359
59848459
59858559
59868659
59878759
59888859
59898959
59909059
59919159
59929259
59939359
59949459
59959559
59969659
59979759
59989859
59999959
60000060
60010160
60020260
60030360
60040460
60050560
60060660
60070760
60080860
60090960
60101060
60111160
60121260
60131360
60141460
60151560
60161660
60171760
60181860
60191960
60202060
60212160
60222260
60232360
60242460
60252560
60262660
60272760
60282860
60292960
60303060
60313160
60323260
60333360
60343460
60353560
60363660
60373760
60383860
60393960
60404060
60414160
60424260
60434360
60444460
60454560
60464660
60474760
60484860
60494960
60505060
60515160
60525260
60535360
60545460
60555560
60565660
60575760
60585860
60595960
60606060
60616160
60626260
60636360
60646460
60656560
60666660
60676760
60686860
60696960
60707060
60717160
60727260
60737360
60747460
60757560
60767660
60777760
60787860
60797960
60808060
60818160
60828260
60838360
60848460
60858560
60868660
60878760
60888860
60898960
60909060
60919160
60929260
60939360
60949460
60959560
60969660
60979760
60989860
60999960
61000061
61010161
61020261
61030361
61040461
61050561
61060661
61070761
61080861
61090961
61101061
61111161
61121261
61131361
61141461
61151561
61161661
61171761
61181861
61191961
61202061
61212161
61222261
61232361
61242461
61252561
61262661
61272761
61282861
61292961
61303061
61313161
61323261
61333361
61343461
61353561
61363661
61373761
61383861
61393961
61404061
61414161
61424261
61434361
61444461
61454561
61464661
61474761
61484861
61494961
61505061
61515161
61525261
61535361
61545461
61555561
61565661
61575761
61585861
61595961
61606061
61616161
61626261
61636361
61646461
61656561
61666661
61676761
61686861
61696961
61707061
61717161
61727261
61737361
61747461
61757561
61767661
61777761
61787861
61797961
61808061
61818161
61828261
61838361
61848461
61858561
61868661
61878761
61888861
61898961
61909061
61919161
61929261
61939361
61949461
61959561
61969661
61979761
61989861
61999961
62000062
62010162
62020262
62030362
62040462
62050562
62060662
62070762
62080862
62090962
62101062
62111162
62121262
62131362
62141462
62151562
62161662
62171762
62181862
62191962
62202062
62212162
62222262
62232362
62242462
62252562
62262662
62272762
62282862
62292962
62303062
62313162
62323262
62333362
62343462
62353562
62363662
62373762
62383862
62393962
62404062
62414162
62424262
62434362
62444462
62454562
62464662
62474762
62484862
62494962
62505062
62515162
62525262
62535362
62545462
62555562
62565662
62575762
62585862
62595962
62606062
62616162
62626262
62636362
62646462
62656562
62666662
62676762
62686862
62696962
62707062
62717162
62727262
62737362
62747462
62757562
62767662
62777762
62787862
62797962
62808062
62818162
62828262
62838362
62848462
62858562
62868662
62878762
62888862
62898962
62909062
62919162
62929262
62939362
62949462
62959562
62969662
62979762
62989862
62999962
63000063
63010163
63020263
63030363
63040463
63050563
63060663
63070763
63080863
63090963
63101063
63111163
63121263
63131363
63141463
63151563
63161663
63171763
63181863
63191963
63202063
63212163
63222263
63232363
63242463
63252563
63262663
63272763
63282863
63292963
63303063
63313163
63323263
63333363
63343463
63353563
63363663
63373763
63383863
63393963
63404063
63414163
63424263
63434363
63444463
63454563
63464663
63474763
63484863
63494963
63505063
63515163
63525263
63535363
63545463
63555563
63565663
63575763
63585863
63595963
63606063
63616163
63626263
63636363
63646463
63656563
63666663
63676763
63686863
63696963
63707063
63717163
63727263
63737363
63747463
63757563
63767663
63777763
63787863
63797963
63808063
63818163
63828263
63838363
63848463
63858563
63868663
63878763
63888863
63898963
63909063
63919163
63929263
63939363
63949463
63959563
63969663
63979763
63989863
63999963
64000064
64010164
64020264
64030364
64040464
64050564
64060664
64070764
64080864
64090964
64101064
64111164
64121264
64131364
64141464
64151564
64161664
64171764
64181864
64191964
64202064
64212164
64222264
64232364
64242464
64252564
64262664
64272764
64282864
64292964
64303064
64313164
64323264
64333364
64343464
64353564
64363664
64373764
64383864
64393964
64404064
64414164
64424264
64434364
64444464
64454564
64464664
64474764
64484864
64494964
64505064
64515164
64525264
64535364
64545464
64555564
64565664
64575764
64585864
64595964
64606064
64616164
64626264
64636364
64646464
64656564
64666664
64676764
64686864
64696964
64707064
64717164
64727264
64737364
64747464
64757564
64767664
64777764
64787864
64797964
64808064
64818164
64828264
64838364
64848464
64858564
64868664
64878764
64888864
64898964
64909064
64919164
64929264
64939364
64949464
64959564
64969664
64979764
64989864
64999964
65000065
65010165
65020265
65030365
65040465
65050565
65060665
65070765
65080865
65090965
65101065
65111165
65121265
65131365
65141465
65151565
65161665
65171765
65181865
65191965
65202065
65212165
65222265
65232365
65242465
65252565
65262665
65272765
65282865
65292965
65303065
65313165
65323265
65333365
65343465
65353565
65363665
65373765
65383865
65393965
65404065
65414165
65424265
65434365
65444465
65454565
65464665
65474765
65484865
65494965
65505065
65515165
65525265
65535365
65545465
65555565
65565665
65575765
65585865
65595965
65606065
65616165
65626265
65636365
65646465
65656565
65666665
65676765
65686865
65696965
65707065
65717165
65727265
65737365
65747465
65757565
65767665
65777765
65787865
65797965
65808065
65818165
65828265
65838365
65848465
65858565
65868665
65878765
65888865
65898965
65909065
65919165
65929265
65939365
65949465
65959565
65969665
65979765
65989865
65999965
66000066
66010166
66020266
66030366
66040466
66050566
66060666
66070766
66080866
66090966
66101066
66111166
66121266
66131366
66141466
66151566
66161666
66171766
66181866
66191966
66202066
66212166
66222266
66232366
66242466
66252566
66262666
66272766
66282866
66292966
66303066
66313166
66323266
66333366
66343466
66353566
66363666
66373766
66383866
66393966
66404066
66414166
66424266
66434366
66444466
66454566
66464666
66474766
66484866
66494966
66505066
66515166
66525266
66535366
66545466
66555566
66565666
66575766
66585866
66595966
66606066
66616166
66626266
66636366
66646466
66656566
66666666
66676766
66686866
66696966
66707066
66717166
66727266
66737366
66747466
66757566
66767666
66777766
66787866
66797966
66808066
66818166
66828266
66838366
66848466
66858566
66868666
66878766
66888866
66898966
66909066
66919166
66929266
66939366
66949466
66959566
66969666
66979766
66989866
66999966
67000067
67010167
67020267
67030367
67040467
67050567
67060667
67070767
67080867
67090967
67101067
67111167
67121267
67131367
67141467
67151567
67161667
67171767
67181867
67191967
67202067
67212167
67222267
67232367
67242467
67252567
67262667
67272767
67282867
67292967
67303067
67313167
67323267
67333367
67343467
67353567
67363667
67373767
67383867
67393967
67404067
67414167
67424267
67434367
67444467
67454567
67464667
67474767
67484867
67494967
67505067
67515167
67525267
67535367
67545467
67555567
67565667
67575767
67585867
67595967
67606067
67616167
67626267
67636367
67646467
67656567
67666667
67676767
67686867
67696967
67707067
67717167
67727267
67737367
67747467
67757567
67767667
67777767
67787867
67797967
67808067
67818167
67828267
67838367
67848467
67858567
67868667
67878767
67888867
67898967
67909067
67919167
67929267
67939367
67949467
67959567
67969667
67979767
67989867
67999967
68000068
68010168
68020268
68030368
68040468
68050568
68060668
68070768
68080868
68090968
68101068
68111168
68121268
68131368
68141468
68151568
68161668
68171768
68181868
68191968
68202068
68212168
68222268
68232368
68242468
68252568
68262668
68272768
68282868
68292968
68303068
68313168
68323268
68333368
68343468
68353568
68363668
68373768
68383868
68393968
68404068
68414168
68424268
68434368
68444468
68454568
68464668
68474768
68484868
68494968
68505068
68515168
68525268
68535368
68545468
68555568
68565668
68575768
68585868
68595968
68606068
68616168
68626268
68636368
68646468
68656568
68666668
68676768
68686868
68696968
68707068
68717168
68727268
68737368
68747468
68757568
68767668
68777768
68787868
68797968
68808068
68818168
68828268
68838368
68848468
68858568
68868668
68878768
68888868
68898968
68909068
68919168
68929268
68939368
68949468
68959568
68969668
68979768
68989868
68999968
69000069
69010169
69020269
69030369
69040469
69050569
69060669
69070769
69080869
69090969
69101069
69111169
69121269
69131369
69141469
69151569
69161669
69171769
69181869
69191969
69202069
69212169
69222269
69232369
69242469
69252569
69262669
69272769
69282869
69292969
69303069
69313169
69323269
69333369
69343469
69353569
69363669
69373769
69383869
69393969
69404069
69414169
69424269
69434369
69444469
69454569
69464669
69474769
69484869
69494969
69505069
69515169
69525269
69535369
69545469
69555569
69565669
69575769
69585869
69595969
69606069
69616169
69626269
69636369
69646469
69656569
69666669
69676769
69686869
69696969
69707069
69717169
69727269
69737369
69747469
69757569
69767669
69777769
69787869
69797969
69808069
69818169
69828269
69838369
69848469
69858569
69868669
69878769
69888869
69898969
69909069
69919169
69929269
69939369
69949469
69959569
69969669
69979769
69989869
69999969
70000070
70010170
70020270
70030370
70040470
70050570
70060670
70070770
70080870
70090970
70101070
70111170
70121270
70131370
70141470
70151570
70161670
70171770
70181870
70191970
70202070
70212170
70222270
70232370
70242470
70252570
70262670
70272770
70282870
70292970
70303070
70313170
70323270
70333370
70343470
70353570
70363670
70373770
70383870
70393970
70404070
70414170
70424270
70434370
70444470
70454570
70464670
70474770
70484870
70494970
70505070
70515170
70525270
70535370
70545470
70555570
70565670
70575770
70585870
70595970
70606070
70616170
70626270
70636370
70646470
70656570
70666670
70676770
70686870
70696970
70707070
70717170
70727270
70737370
70747470
70757570
70767670
70777770
70787870
70797970
70808070
70818170
70828270
70838370
70848470
70858570
70868670
70878770
70888870
70898970
70909070
70919170
70929270
70939370
70949470
70959570
70969670
70979770
70989870
70999970
71000071
71010171
71020271
71030371
71040471
71050571
71060671
71070771
71080871
71090971
71101071
71111171
71121271
71131371
71141471
71151571
71161671
71171771
71181871
71191971
71202071
71212171
71222271
71232371
71242471
71252571
71262671
71272771
71282871
71292971
71303071
71313171
71323271
71333371
71343471
71353571
71363671
71373771
71383871
71393971
71404071
71414171
71424271
71434371
71444471
71454571
71464671
71474771
71484871
71494971
71505071
71515171
71525271
71535371
71545471
71555571
71565671
71575771
71585871
71595971
71606071
71616171
71626271
71636371
71646471
71656571
71666671
71676771
71686871
71696971
71707071
71717171
71727271
71737371
71747471
71757571
71767671
71777771
71787871
71797971
71808071
71818171
71828271
71838371
71848471
71858571
71868671
71878771
71888871
71898971
71909071
71919171
71929271
71939371
71949471
71959571
71969671
71979771
71989871
71999971
72000072
72010172
72020272
72030372
72040472
72050572
72060672
72070772
72080872
72090972
72101072
72111172
72121272
72131372
72141472
72151572
72161672
72171772
72181872
72191972
72202072
72212172
72222272
72232372
72242472
72252572
72262672
72272772
72282872
72292972
72303072
72313172
72323272
72333372
72343472
72353572
72363672
72373772
72383872
72393972
72404072
72414172
72424272
72434372
72444472
72454572
72464672
72474772
72484872
72494972
72505072
72515172
72525272
72535372
72545472
72555572
72565672
72575772
72585872
72595972
72606072
72616172
72626272
72636372
72646472
72656572
72666672
72676772
72686872
72696972
72707072
72717172
72727272
72737372
72747472
72757572
72767672
72777772
72787872
72797972
72808072
72818172
72828272
72838372
72848472
72858572
72868672
72878772
72888872
72898972
72909072
72919172
72929272
72939372
72949472
72959572
72969672
72979772
72989872
72999972
73000073
73010173
73020273
73030373
73040473
73050573
73060673
73070773
73080873
73090973
73101073
73111173
73121273
73131373
73141473
73151573
73161673
73171773
73181873
73191973
73202073
73212173
73222273
73232373
73242473
73252573
73262673
73272773
73282873
73292973
73303073
73313173
73323273
73333373
73343473
73353573
73363673
73373773
73383873
73393973
73404073
73414173
73424273
73434373
73444473
73454573
73464673
73474773
73484873
73494973
73505073
73515173
73525273
73535373
73545473
73555573
73565673
73575773
73585873
73595973
73606073
73616173
73626273
73636373
73646473
73656573
73666673
73676773
73686873
73696973
73707073
73717173
73727273
73737373
73747473
73757573
73767673
73777773
73787873
73797973
73808073
73818173
73828273
73838373
73848473
73858573
73868673
73878773
73888873
73898973
73909073
73919173
73929273
73939373
73949473
73959573
73969673
73979773
73989873
73999973
74000074
74010174
74020274
74030374
74040474
74050574
74060674
74070774
74080874
74090974
74101074
74111174
74121274
74131374
74141474
74151574
74161674
74171774
74181874
74191974
74202074
74212174
74222274
74232374
74242474
74252574
74262674
74272774
74282874
74292974
74303074
74313174
74323274
74333374
74343474
74353574
74363674
74373774
74383874
74393974
74404074
74414174
74424274
74434374
74444474
74454574
74464674
74474774
74484874
74494974
74505074
74515174
74525274
74535374
74545474
74555574
74565674
74575774
74585874
74595974
74606074
74616174
74626274
74636374
74646474
74656574
74666674
74676774
74686874
74696974
74707074
74717174
74727274
74737374
74747474
74757574
74767674
74777774
74787874
74797974
74808074
74818174
74828274
74838374
74848474
74858574
74868674
74878774
74888874
74898974
74909074
74919174
74929274
74939374
74949474
74959574
74969674
74979774
74989874
74999974
75000075
75010175
75020275
75030375
75040475
75050575
75060675
75070775
75080875
75090975
75101075
75111175
75121275
75131375
75141475
75151575
75161675
75171775
75181875
75191975
75202075
75212175
75222275
75232375
75242475
75252575
75262675
75272775
75282875
75292975
75303075
75313175
75323275
75333375
75343475
75353575
75363675
75373775
75383875
75393975
75404075
75414175
75424275
75434375
75444475
75454575
75464675
75474775
75484875
75494975
75505075
75515175
75525275
75535375
75545475
75555575
75565675
75575775
75585875
75595975
75606075
75616175
75626275
75636375
75646475
75656575
75666675
75676775
75686875
75696975
75707075
75717175
75727275
75737375
75747475
75757575
75767675
75777775
75787875
75797975
75808075
75818175
75828275
75838375
75848475
75858575
75868675
75878775
75888875
75898975
75909075
75919175
75929275
75939375
75949475
75959575
75969675
75979775
75989875
75999975
76000076
76010176
76020276
76030376
76040476
76050576
76060676
76070776
76080876
76090976
76101076
76111176
76121276
76131376
76141476
76151576
76161676
76171776
76181876
76191976
76202076
76212176
76222276
76232376
76242476
76252576
76262676
76272776
76282876
76292976
76303076
76313176
76323276
76333376
76343476
76353576
76363676
76373776
76383876
76393976
76404076
76414176
76424276
76434376
76444476
76454576
76464676
76474776
76484876
76494976
76505076
76515176
76525276
76535376
76545476
76555576
76565676
76575776
76585876
76595976
76606076
76616176
76626276
76636376
76646476
76656576
76666676
76676776
76686876
76696976
76707076
76717176
76727276
76737376
76747476
76757576
76767676
76777776
76787876
76797976
76808076
76818176
76828276
76838376
76848476
76858576
76868676
76878776
76888876
76898976
76909076
76919176
76929276
76939376
76949476
76959576
76969676
76979776
76989876
76999976
77000077
77010177
77020277
77030377
77040477
77050577
77060677
77070777
77080877
77090977
77101077
77111177
77121277
77131377
77141477
77151577
77161677
77171777
77181877
77191977
77202077
77212177
77222277
77232377
77242477
77252577
77262677
77272777
77282877
77292977
77303077
77313177
77323277
77333377
77343477
77353577
77363677
77373777
77383877
77393977
77404077
77414177
77424277
77434377
77444477
77454577
77464677
77474777
77484877
77494977
77505077
77515177
77525277
77535377
77545477
77555577
77565677
77575777
77585877
77595977
77606077
77616177
77626277
77636377
77646477
77656577
77666677
77676777
77686877
77696977
77707077
77717177
77727277
77737377
77747477
77757577
77767677
77777777
77787877
77797977
77808077
77818177
77828277
77838377
77848477
77858577
77868677
77878777
77888877
77898977
77909077
77919177
77929277
77939377
77949477
77959577
77969677
77979777
77989877
77999977
78000078
78010178
78020278
78030378
78040478
78050578
78060678
78070778
78080878
78090978
78101078
78111178
78121278
78131378
78141478
78151578
78161678
78171778
78181878
78191978
78202078
78212178
78222278
78232378
78242478
78252578
78262678
78272778
78282878
78292978
78303078
78313178
78323278
78333378
78343478
78353578
78363678
78373778
78383878
78393978
78404078
78414178
78424278
78434378
78444478
78454578
78464678
78474778
78484878
78494978
78505078
78515178
78525278
78535378
78545478
78555578
78565678
78575778
78585878
78595978
78606078
78616178
78626278
78636378
78646478
78656578
78666678
78676778
78686878
78696978
78707078
78717178
78727278
78737378
78747478
78757578
78767678
78777778
78787878
78797978
78808078
78818178
78828278
78838378
78848478
78858578
78868678
78878778
78888878
78898978
78909078
78919178
78929278
78939378
78949478
78959578
78969678
78979778
78989878
78999978
79000079
79010179
79020279
79030379
79040479
79050579
79060679
79070779
79080879
79090979
79101079
79111179
79121279
79131379
79141479
79151579
79161679
79171779
79181879
79191979
79202079
79212179
79222279
79232379
79242479
79252579
79262679
79272779
79282879
79292979
79303079
79313179
79323279
79333379
79343479
79353579
79363679
79373779
79383879
79393979
79404079
79414179
79424279
79434379
79444479
79454579
79464679
79474779
79484879
79494979
79505079
79515179
79525279
79535379
79545479
79555579
79565679
79575779
79585879
79595979
79606079
79616179
79626279
79636379
79646479
79656579
79666679
79676779
79686879
79696979
79707079
79717179
79727279
79737379
79747479
79757579
79767679
79777779
79787879
79797979
79808079
79818179
79828279
79838379
79848479
79858579
79868679
79878779
79888879
79898979
79909079
79919179
79929279
79939379
79949479
79959579
79969679
79979779
79989879
79999979
80000080
80010180
80020280
80030380
80040480
80050580
80060680
80070780
80080880
80090980
80101080
80111180
80121280
80131380
80141480
80151580
80161680
80171780
80181880
80191980
80202080
80212180
80222280
80232380
80242480
80252580
80262680
80272780
80282880
80292980
80303080
80313180
80323280
80333380
80343480
80353580
80363680
80373780
80383880
80393980
80404080
80414180
80424280
80434380
80444480
80454580
80464680
80474780
80484880
80494980
80505080
80515180
80525280
80535380
80545480
80555580
80565680
80575780
80585880
80595980
80606080
80616180
80626280
80636380
80646480
80656580
80666680
80676780
80686880
80696980
80707080
80717180
80727280
80737380
80747480
80757580
80767680
80777780
80787880
80797980
80808080
80818180
80828280
80838380
80848480
80858580
80868680
80878780
80888880
80898980
80909080
80919180
80929280
80939380
80949480
80959580
80969680
80979780
80989880
80999980
81000081
81010181
81020281
81030381
81040481
81050581
81060681
81070781
81080881
81090981
81101081
81111181
81121281
81131381
81141481
81151581
81161681
81171781
81181881
81191981
81202081
81212181
81222281
81232381
81242481
81252581
81262681
81272781
81282881
81292981
81303081
81313181
81323281
81333381
81343481
81353581
81363681
81373781
81383881
81393981
81404081
81414181
81424281
81434381
81444481
81454581
81464681
81474781
81484881
81494981
81505081
81515181
81525281
81535381
81545481
81555581
81565681
81575781
81585881
81595981
81606081
81616181
81626281
81636381
81646481
81656581
81666681
81676781
81686881
81696981
81707081
81717181
81727281
81737381
81747481
81757581
81767681
81777781
81787881
81797981
81808081
81818181
81828281
81838381
81848481
81858581
81868681
81878781
81888881
81898981
81909081
81919181
81929281
81939381
81949481
81959581
81969681
81979781
81989881
81999981
82000082
82010182
82020282
82030382
82040482
82050582
82060682
82070782
82080882
82090982
82101082
82111182
82121282
82131382
82141482
82151582
82161682
82171782
82181882
82191982
82202082
82212182
82222282
82232382
82242482
82252582
82262682
82272782
82282882
82292982
82303082
82313182
82323282
82333382
82343482
82353582
82363682
82373782
82383882
82393982
82404082
82414182
82424282
82434382
82444482
82454582
82464682
82474782
82484882
82494982
82505082
82515182
82525282
82535382
82545482
82555582
82565682
82575782
82585882
82595982
82606082
82616182
82626282
82636382
82646482
82656582
82666682
82676782
82686882
82696982
82707082
82717182
82727282
82737382
82747482
82757582
82767682
82777782
82787882
82797982
82808082
82818182
82828282
82838382
82848482
82858582
82868682
82878782
82888882
82898982
82909082
82919182
82929282
82939382
82949482
82959582
82969682
82979782
82989882
82999982
83000083
83010183
83020283
83030383
83040483
83050583
83060683
83070783
83080883
83090983
83101083
83111183
83121283
83131383
83141483
83151583
83161683
83171783
83181883
83191983
83202083
83212183
83222283
83232383
83242483
83252583
83262683
83272783
83282883
83292983
83303083
83313183
83323283
83333383
83343483
83353583
83363683
83373783
83383883
83393983
83404083
83414183
83424283
83434383
83444483
83454583
83464683
83474783
83484883
83494983
83505083
83515183
83525283
83535383
83545483
83555583
83565683
83575783
83585883
83595983
83606083
83616183
83626283
83636383
83646483
83656583
83666683
83676783
83686883
83696983
83707083
83717183
83727283
83737383
83747483
83757583
83767683
83777783
83787883
83797983
83808083
83818183
83828283
83838383
83848483
83858583
83868683
83878783
83888883
83898983
83909083
83919183
83929283
83939383
83949483
83959583
83969683
83979783
83989883
83999983
84000084
84010184
84020284
84030384
84040484
84050584
84060684
84070784
84080884
84090984
84101084
84111184
84121284
84131384
84141484
84151584
84161684
84171784
84181884
84191984
84202084
84212184
84222284
84232384
84242484
84252584
84262684
84272784
84282884
84292984
84303084
84313184
84323284
84333384
84343484
84353584
84363684
84373784
84383884
84393984
84404084
84414184
84424284
84434384
84444484
84454584
84464684
84474784
84484884
84494984
84505084
84515184
84525284
84535384
84545484
84555584
84565684
84575784
84585884
84595984
84606084
84616184
84626284
84636384
84646484
84656584
84666684
84676784
84686884
84696984
84707084
84717184
84727284
84737384
84747484
84757584
84767684
84777784
84787884
84797984
84808084
84818184
84828284
84838384
84848484
84858584
84868684
84878784
84888884
84898984
84909084
84919184
84929284
84939384
84949484
84959584
84969684
84979784
84989884
84999984
85000085
85010185
85020285
85030385
85040485
85050585
85060685
85070785
85080885
85090985
85101085
85111185
85121285
85131385
85141485
85151585
85161685
85171785
85181885
85191985
85202085
85212185
85222285
85232385
85242485
85252585
85262685
85272785
85282885
85292985
85303085
85313185
85323285
85333385
85343485
85353585
85363685
85373785
85383885
85393985
85404085
85414185
85424285
85434385
85444485
85454585
85464685
85474785
85484885
85494985
85505085
85515185
85525285
85535385
85545485
85555585
85565685
85575785
85585885
85595985
85606085
85616185
85626285
85636385
85646485
85656585
85666685
85676785
85686885
85696985
85707085
85717185
85727285
85737385
85747485
85757585
85767685
85777785
85787885
85797985
85808085
85818185
85828285
85838385
85848485
85858585
85868685
85878785
85888885
85898985
85909085
85919185
85929285
85939385
85949485
85959585
85969685
85979785
85989885
85999985
86000086
86010186
86020286
86030386
86040486
86050586
86060686
86070786
86080886
86090986
86101086
86111186
86121286
86131386
86141486
86151586
86161686
86171786
86181886
86191986
86202086
86212186
86222286
86232386
86242486
86252586
86262686
86272786
86282886
86292986
86303086
86313186
86323286
86333386
86343486
86353586
86363686
86373786
86383886
86393986
86404086
86414186
86424286
86434386
86444486
86454586
86464686
86474786
86484886
86494986
86505086
86515186
86525286
86535386
86545486
86555586
86565686
86575786
86585886
86595986
86606086
86616186
86626286
86636386
86646486
86656586
86666686
86676786
86686886
86696986
86707086
86717186
86727286
86737386
86747486
86757586
86767686
86777786
86787886
86797986
86808086
86818186
86828286
86838386
86848486
86858586
86868686
86878786
86888886
86898986
86909086
86919186
86929286
86939386
86949486
86959586
86969686
86979786
86989886
86999986
87000087
87010187
87020287
87030387
87040487
87050587
87060687
87070787
87080887
87090987
87101087
87111187
87121287
87131387
87141487
87151587
87161687
87171787
87181887
87191987
87202087
87212187
87222287
87232387
87242487
87252587
87262687
87272787
87282887
87292987
87303087
87313187
87323287
87333387
87343487
87353587
87363687
87373787
87383887
87393987
87404087
87414187
87424287
87434387
87444487
87454587
87464687
87474787
87484887
87494987
87505087
87515187
87525287
87535387
87545487
87555587
87565687
87575787
87585887
87595987
87606087
87616187
87626287
87636387
87646487
87656587
87666687
87676787
87686887
87696987
87707087
87717187
87727287
87737387
87747487
87757587
87767687
87777787
87787887
87797987
87808087
87818187
87828287
87838387
87848487
87858587
87868687
87878787
87888887
87898987
87909087
87919187
87929287
87939387
87949487
87959587
87969687
87979787
87989887
87999987
88000088
88010188
88020288
88030388
88040488
88050588
88060688
88070788
88080888
88090988
88101088
88111188
88121288
88131388
88141488
88151588
88161688
88171788
88181888
88191988
88202088
88212188
88222288
88232388
88242488
88252588
88262688
88272788
88282888
88292988
88303088
88313188
88323288
88333388
88343488
88353588
88363688
88373788
88383888
88393988
88404088
88414188
88424288
88434388
88444488
88454588
88464688
88474788
88484888
88494988
88505088
88515188
88525288
88535388
88545488
88555588
88565688
88575788
88585888
88595988
88606088
88616188
88626288
88636388
88646488
88656588
88666688
88676788
88686888
88696988
88707088
88717188
88727288
88737388
88747488
88757588
88767688
88777788
88787888
88797988
88808088
88818188
88828288
88838388
88848488
88858588
88868688
88878788
88888888
88898988
88909088
88919188
88929288
88939388
88949488
88959588
88969688
88979788
88989888
88999988
89000089
89010189
89020289
89030389
89040489
89050589
89060689
89070789
89080889
89090989
89101089
89111189
89121289
89131389
89141489
89151589
89161689
89171789
89181889
89191989
89202089
89212189
89222289
89232389
89242489
89252589
89262689
89272789
89282889
89292989
89303089
89313189
89323289
89333389
89343489
89353589
89363689
89373789
89383889
89393989
89404089
89414189
89424289
89434389
89444489
89454589
89464689
89474789
89484889
89494989
89505089
89515189
89525289
89535389
89545489
89555589
89565689
89575789
89585889
89595989
89606089
89616189
89626289
89636389
89646489
89656589
89666689
89676789
89686889
89696989
89707089
89717189
89727289
89737389
89747489
89757589
89767689
89777789
89787889
89797989
89808089
89818189
89828289
89838389
89848489
89858589
89868689
89878789
89888889
89898989
89909089
89919189
89929289
89939389
89949489
89959589
89969689
89979789
89989889
89999989
90000090
90010190
90020290
90030390
90040490
90050590
90060690
90070790
90080890
90090990
90101090
90111190
90121290
90131390
90141490
90151590
90161690
90171790
90181890
90191990
90202090
90212190
90222290
90232390
90242490
90252590
90262690
90272790
90282890
90292990
90303090
90313190
90323290
90333390
90343490
90353590
90363690
90373790
90383890
90393990
90404090
90414190
90424290
90434390
90444490
90454590
90464690
90474790
90484890
90494990
90505090
90515190
90525290
90535390
90545490
90555590
90565690
90575790
90585890
90595990
90606090
90616190
90626290
90636390
90646490
90656590
90666690
90676790
90686890
90696990
90707090
90717190
90727290
90737390
90747490
90757590
90767690
90777790
90787890
90797990
90808090
90818190
90828290
90838390
90848490
90858590
90868690
90878790
90888890
90898990
90909090
90919190
90929290
90939390
90949490
90959590
90969690
90979790
90989890
90999990
91000091
91010191
91020291
91030391
91040491
91050591
91060691
91070791
91080891
91090991
91101091
91111191
91121291
91131391
91141491
91151591
91161691
91171791
91181891
91191991
91202091
91212191
91222291
91232391
91242491
91252591
91262691
91272791
91282891
91292991
91303091
91313191
91323291
91333391
91343491
91353591
91363691
91373791
91383891
91393991
91404091
91414191
91424291
91434391
91444491
91454591
91464691
91474791
91484891
91494991
91505091
91515191
91525291
91535391
91545491
91555591
91565691
91575791
91585891
91595991
91606091
91616191
91626291
91636391
91646491
91656591
91666691
91676791
91686891
91696991
91707091
91717191
91727291
91737391
91747491
91757591
91767691
91777791
91787891
91797991
91808091
91818191
91828291
91838391
91848491
91858591
91868691
91878791
91888891
91898991
91909091
91919191
91929291
91939391
91949491
91959591
91969691
91979791
91989891
91999991
92000092
92010192
92020292
92030392
92040492
92050592
92060692
92070792
92080892
92090992
92101092
92111192
92121292
92131392
92141492
92151592
92161692
92171792
92181892
92191992
92202092
92212192
92222292
92232392
92242492
92252592
92262692
92272792
92282892
92292992
92303092
92313192
92323292
92333392
92343492
92353592
92363692
92373792
92383892
92393992
92404092
92414192
92424292
92434392
92444492
92454592
92464692
92474792
92484892
92494992
92505092
92515192
92525292
92535392
92545492
92555592
92565692
92575792
92585892
92595992
92606092
92616192
92626292
92636392
92646492
92656592
92666692
92676792
92686892
92696992
92707092
92717192
92727292
92737392
92747492
92757592
92767692
92777792
92787892
92797992
92808092
92818192
92828292
92838392
92848492
92858592
92868692
92878792
92888892
92898992
92909092
92919192
92929292
92939392
92949492
92959592
92969692
92979792
92989892
92999992
93000093
93010193
93020293
93030393
93040493
93050593
93060693
93070793
93080893
93090993
93101093
93111193
93121293
93131393
93141493
93151593
93161693
93171793
93181893
93191993
93202093
93212193
93222293
93232393
93242493
93252593
93262693
93272793
93282893
93292993
93303093
93313193
93323293
93333393
93343493
93353593
93363693
93373793
93383893
93393993
93404093
93414193
93424293
93434393
93444493
93454593
93464693
93474793
93484893
93494993
93505093
93515193
93525293
93535393
93545493
93555593
93565693
93575793
93585893
93595993
93606093
93616193
93626293
93636393
93646493
93656593
93666693
93676793
93686893
93696993
93707093
93717193
93727293
93737393
93747493
93757593
93767693
93777793
93787893
93797993
93808093
93818193
93828293
93838393
93848493
93858593
93868693
93878793
93888893
93898993
93909093
93919193
93929293
93939393
93949493
93959593
93969693
93979793
93989893
93999993
94000094
94010194
94020294
94030394
94040494
94050594
94060694
94070794
94080894
94090994
94101094
94111194
94121294
94131394
94141494
94151594
94161694
94171794
94181894
94191994
94202094
94212194
94222294
94232394
94242494
94252594
94262694
94272794
94282894
94292994
94303094
94313194
94323294
94333394
94343494
94353594
94363694
94373794
94383894
94393994
94404094
94414194
94424294
94434394
94444494
94454594
94464694
94474794
94484894
94494994
94505094
94515194
94525294
94535394
94545494
94555594
94565694
94575794
94585894
94595994
94606094
94616194
94626294
94636394
94646494
94656594
94666694
94676794
94686894
94696994
94707094
94717194
94727294
94737394
94747494
94757594
94767694
94777794
94787894
94797994
94808094
94818194
94828294
94838394
94848494
94858594
94868694
94878794
94888894
94898994
94909094
94919194
94929294
94939394
94949494
94959594
94969694
94979794
94989894
94999994
95000095
95010195
95020295
95030395
95040495
95050595
95060695
95070795
95080895
95090995
95101095
95111195
95121295
95131395
95141495
95151595
95161695
95171795
95181895
95191995
95202095
95212195
95222295
95232395
95242495
95252595
95262695
95272795
95282895
95292995
95303095
95313195
95323295
95333395
95343495
95353595
95363695
95373795
95383895
95393995
95404095
95414195
95424295
95434395
95444495
95454595
95464695
95474795
95484895
95494995
95505095
95515195
95525295
95535395
95545495
95555595
95565695
95575795
95585895
95595995
95606095
95616195
95626295
95636395
95646495
95656595
95666695
95676795
95686895
95696995
95707095
95717195
95727295
95737395
95747495
95757595
95767695
95777795
95787895
95797995
95808095
95818195
95828295
95838395
95848495
95858595
95868695
95878795
95888895
95898995
95909095
95919195
95929295
95939395
95949495
95959595
95969695
95979795
95989895
95999995
96000096
96010196
96020296
96030396
96040496
96050596
96060696
96070796
96080896
96090996
96101096
96111196
96121296
96131396
96141496
96151596
96161696
96171796
96181896
96191996
96202096
96212196
96222296
96232396
96242496
96252596
96262696
96272796
96282896
96292996
96303096
96313196
96323296
96333396
96343496
96353596
96363696
96373796
96383896
96393996
96404096
96414196
96424296
96434396
96444496
96454596
96464696
96474796
96484896
96494996
96505096
96515196
96525296
96535396
96545496
96555596
96565696
96575796
96585896
96595996
96606096
96616196
96626296
96636396
96646496
96656596
96666696
96676796
96686896
96696996
96707096
96717196
96727296
96737396
96747496
96757596
96767696
96777796
96787896
96797996
96808096
96818196
96828296
96838396
96848496
96858596
96868696
96878796
96888896
96898996
96909096
96919196
96929296
96939396
96949496
96959596
96969696
96979796
96989896
96999996
97000097
97010197
97020297
97030397
97040497
97050597
97060697
97070797
97080897
97090997
97101097
97111197
97121297
97131397
97141497
97151597
97161697
97171797
97181897
97191997
97202097
97212197
97222297
97232397
97242497
97252597
97262697
97272797
97282897
97292997
97303097
97313197
97323297
97333397
97343497
97353597
97363697
97373797
97383897
97393997
97404097
97414197
97424297
97434397
97444497
97454597
97464697
97474797
97484897
97494997
97505097
97515197
97525297
97535397
97545497
97555597
97565697
97575797
97585897
97595997
97606097
97616197
97626297
97636397
97646497
97656597
97666697
97676797
97686897
97696997
97707097
97717197
97727297
97737397
97747497
97757597
97767697
97777797
97787897
97797997
97808097
97818197
97828297
97838397
97848497
97858597
97868697
97878797
97888897
97898997
97909097
97919197
97929297
97939397
97949497
97959597
97969697
97979797
97989897
97999997
98000098
98010198
98020298
98030398
98040498
98050598
98060698
98070798
98080898
98090998
98101098
98111198
98121298
98131398
98141498
98151598
98161698
98171798
98181898
98191998
98202098
98212198
98222298
98232398
98242498
98252598
98262698
98272798
98282898
98292998
98303098
98313198
98323298
98333398
98343498
98353598
98363698
98373798
98383898
98393998
98404098
98414198
98424298
98434398
98444498
98454598
98464698
98474798
98484898
98494998
98505098
98515198
98525298
98535398
98545498
98555598
98565698
98575798
98585898
98595998
98606098
98616198
98626298
98636398
98646498
98656598
98666698
98676798
98686898
98696998
98707098
98717198
98727298
98737398
98747498
98757598
98767698
98777798
98787898
98797998
98808098
98818198
98828298
98838398
98848498
98858598
98868698
98878798
98888898
98898998
98909098
98919198
98929298
98939398
98949498
98959598
98969698
98979798
98989898
98999998
99000099
99010199
99020299
99030399
99040499
99050599
99060699
99070799
99080899
99090999
99101099
99111199
99121299
99131399
99141499
99151599
99161699
99171799
99181899
99191999
99202099
99212199
99222299
99232399
99242499
99252599
99262699
99272799
99282899
99292999
99303099
99313199
99323299
99333399
99343499
99353599
99363699
99373799
99383899
99393999
99404099
99414199
99424299
99434399
99444499
99454599
99464699
99474799
99484899
99494999
99505099
99515199
99525299
99535399
99545499
99555599
99565699
99575799
99585899
99595999
99606099
99616199
99626299
99636399
99646499
99656599
99666699
99676799
99686899
99696999
99707099
99717199
99727299
99737399
99747499
99757599
99767699
99777799
99787899
99797999
99808099
99818199
99828299
99838399
99848499
99858599
99868699
99878799
99888899
99898999
99909099
99919199
99929299
99939399
99949499
99959599
99969699
99979799
99989899
99999999
